#CELESTIAL BODIES FOR INCLUSION IN SIMULATION
#BODY ID NAME
#ALL ANGLES ARE IN DEGREES
#Horizons data 16/8/25

BODY 1 SUN
PARENT = NONE
MASS = 1.989e30
RADIUS = 6.9634e5
SEMI_MAJ = 0
ECC = 0
INC = 0
LONG_ASC_NODE = 0
ARG_PERI = 0
TRUE_ANOM = 0
END

BODY 2 EARTH
PARENT = SUN
MASS = 5.972e24
RADIUS = 6.3781e3
SEMI_MAJ = 1.495896061211790E+08
ECC = 1.643121769707099E-02
INC = 4.326372969921471E-03
LONG_ASC_NODE = 1.656672811680676E+02
ARG_PERI = 2.985500439409896E+02
TRUE_ANOM = 2.188283303593249E+02
END

BODY 3 MOON
PARENT = EARTH
MASS =  7.348e22
RADIUS = 1.74e3
SEMI_MAJ = 3.83398e5
ECC = 2.900851609376491E-02
INC = 5.232662384368088E+00
LONG_ASC_NODE = 3.482033997780243E+02
ARG_PERI = 4.639774100930645E+01
TRUE_ANOM = 1.565496301998208E+01
END
